552
25
1451
63
1340
645
1663
243
757
1595
1397
813
1375
653
1733
93
473
488
1449
1672
581
1531
66
929
455
773
510
1117
902
503
142
790
207
1554
861
688
1528
1498
1605
1802
1015
213
303
793
842
501
1447
1542
597
560
448
956
1211
1523
270
554
1708
1457
1737
487
1784
60
405
273
1098
429
753
937
471
215
1536
37
1222
367
1514
591
96
1001
1149
461
1357
345
802
42
821
55
628
523
288
167
918
939
633
1021
1090
1317
532
1633
827
106
90
1722
1461
1324
1512
1389
1416
1382
1219
1373
1144
976
789
1641
1684
148
1634
380
544
1328
222
672
1423
1467
1775
1637
654
18
1339
1589
1709
280
648
336
965
309
1607
587
1138
1263
227
118
607
837
676
541
1741
1183
652
1053
220
1026
1497
1206
1109
1476
911
1759
1278
1578
318
1400
353
1368
1413
785
1686
1394
884
898
156
1793
1383
337
912
1662
460
1006
1654
1262
1078
1751
81
888
326
389
349
744
56
371
1488
1201
307
844
22
1794
72
661
1660
803
138
15
1315
642
104
928
472
208
330
334
740
959
284
1470
1229
1141
1158
1556
1657
366
885
1661
614
1444
1395
410
1069
1133
682
1789
1227
1365
1152
401
1385
761
36
1018
1313
1043
1732
245
960
1061
416
1453
390
377
196
853
735
695
534
1777
286
1236
160
521
562
492
1575
1609
1166
1412
513
660
502
1130
399
1154
808
190
1176
1330
546
388
1408
110
580
441
1519
1007
1131
1624
276
606
1327
1083
1165
143
1653
1386
1156
542
1039
1019
1647
807
300
883
173
1432
526
70
1045
835
531
1584
916
447
1597
1501
7
975
873
458
338
113
1012
123
1256
798
1057
1318
1670
804
91
1378
543
1762
1790
855
240
536
603
896
724
1035
706
1683
1736
1251
435
335
797
1490
355
1099
1194
268
609
1402
8
524
690
415
767
1650
146
1539
1410
1225
166
1579
414
275
590
575
144
1692
229
1614
1439
1705
112
1723
1352
1573
666
214
537
1769
961
745
297
1768
954
852
296
692
941
598
746
1253
183
1392
1203
600
239
1195
1691
51
994
184
411
1540
1074
1671
1055
259
599
1298
1518
1505
1087
559
1687
1353
1665
876
76
254
86
702
572
806
1486
453
1359
1414
697
287
946
1548
1442
908
924
593
1323
1478
1139
1571
1715
1576
344
864
120
1689
816
248
848
919
772
1496
780
1338
895
1748
529
357
1450
1727
1041
646
1376
432
734
403
630
814
212
1
1071
564
958
1302
264
589
2
1621
987
5
1175
1587
1735
1443
935
238
1050
820
1760
869
533
1304
206
1344
950
46
1153
843
997
926
35
1362
1297
1734
647
762
1249
178
781
241
1792
871
1629
1580
1681
391
172
1745
24
1051
115
783
1241
354
1405
657
1205
877
293
1645
627
561
667
673
1106
1230
857
881
625
525
1428
522
41
1325
948
33
1583
1702
752
1020
321
712
555
11
624
1172
1275
1079
1272
1244
796
95
637
649
23
1119
1145
198
203
372
157
953
728
1593
1527
1773
890
1785
444
1216
729
910
1146
909
1567
838
1744
490
1104
922
1472
1093
325
619
1343
442
834
1193
1586
988
547
1668
1646
791
253
1291
1503
1260
1292
446
1546
351
680
449
601
826
1266
1796
737
691
100
1204
604
511
1173
359
218
341
494
185
608
230
1059
1611
658
1612
932
1142
79
663
440
863
1200
1388
1797
1446
452
1233
147
723
1081
347
1174
830
763
520
1756
1115
1240
944
219
1239
505
1431
1257
262
1301
1491
917
1710
89
1129
629
1190
186
1552
1157
749
437
1033
969
1697
678
379
738
623
1363
1002
457
506
849
1441
1267
1436
1105
1479
133
635
1168
1341
1185
1711
886
1547
1332
1628
249
1337
343
32
1460
1398
374
1284
71
1506
47
1730
419
30
1250
1189
1369
1803
1042
1724
1390
865
1649
1268
1786
1345
192
1529
1356
870
1599
467
840
747
39
395
508
1034
1620
1729
1213
433
999
1196
1720
1027
27
1430
485
1707
602
1049
38
704
1516
356
717
557
16
402
50
904
872
1617
469
891
566
504
434
1358
1116
774
770
1150
1698
179
1800
58
141
1409
396
1801
1616
64
1563
31
78
957
707
1481
386
378
679
1220
1475
1333
1545
226
1310
478
1644
1273
1331
92
1456
811
786
1052
236
1231
584
1370
247
594
1102
427
445
812
1072
574
512
1255
894
210
1555
450
1113
1161
158
620
77
1643
61
103
1202
930
972
1417
26
124
1212
4
931
665
1342
1565
244
261
348
365
1005
130
1107
304
1191
1367
1421
1224
1097
1028
1655
1468
528
1366
1377
1077
320
1677
430
269
1132
984
1282
409
305
978
324
500
498
1492
459
1799
1596
794
1056
1713
1076
1568
1010
874
1192
1517
294
277
906
197
202
1140
331
681
426
358
687
1693
194
643
291
1060
73
1335
1622
768
989
1666
1283
1399
1391
530
1123
1765
1667
1101
892
1613
836
1234
1401
795
384
1118
1058
1577
1372
1108
1471
1502
689
182
420
1246
1232
1334
1125
1170
1025
1135
1067
760
398
153
854
3
1738
109
1630
105
489
1289
1560
698
361
436
1319
1288
1515
85
1703
1261
1627
285
1549
858
1780
1718
1781
1122
333
903
495
971
1685
1592
725
1585
996
306
48
1455
170
383
921
491
585
887
1293
1349
1242
819
755
893
1047
1080
759
1127
788
155
1632
163
1787
977
1030
847
952
1437
1550
1044
180
1521
466
579
1694
1598
464
708
364
1805
721
1530
751
592
150
1228
1089
696
28
431
132
1712
1075
323
400
1495
626
1682
1758
1210
108
221
713
1178
1740
1690
1281
463
940
509
88
1557
1017
231
470
1274
964
1086
1469
211
1320
1252
831
1068
1128
839
199
617
350
1254
879
756
12
1064
1440
290
705
1307
168
302
538
224
29
741
1731
257
1445
1364
611
1513
1770
340
278
897
1590
1065
1188
571
1499
1022
1452
1279
1688
578
1752
1631
67
622
1354
822
567
1764
596
1659
1182
1500
191
1458
777
1305
1147
801
1137
1782
484
114
915
1221
621
662
228
1753
1237
1572
316
1695
1151
1403
1480
933
1669
1425
1374
518
161
675
1351
846
549
1265
862
376
1473
1726
1433
616
638
175
718
792
242
1393
456
1110
1073
1766
1094
1208
476
1040
1435
6
125
733
951
1062
40
315
49
677
65
824
1217
1124
1763
1569
74
232
828
775
407
1029
1164
311
1424
332
233
1136
1541
193
139
979
938
134
406
1658
1746
514
1601
991
412
1483
1322
1581
1000
1361
209
279
970
1095
1100
1725
368
1300
563
967
1179
1155
815
136
577
1159
1245
165
397
135
162
823
550
920
200
1564
982
126
1036
1011
720
983
97
1448
771
171
845
1092
1640
1387
1312
1264
736
1121
1355
805
1037
613
52
1235
234
1602
568
716
1177
1085
1522
1493
342
686
87
387
98
1757
152
362
1484
292
102
373
1167
1774
1290
659
1004
69
1574
1111
187
385
169
1009
818
1625
1311
1218
375
656
195
1270
1674
1066
154
1277
1126
1804
1716
1594
1606
493
882
237
639
1406
1180
1360
443
825
1209
1184
1719
1271
216
936
1259
1511
668
1226
1591
992
1485
225
565
664
189
829
778
295
438
817
1269
177
1673
159
640
1148
981
83
809
274
1651
726
418
235
1163
1396
1103
851
539
263
265
540
517
1679
1559
1717
583
516
43
1487
1314
1728
519
1454
1438
119
588
968
700
80
787
145
44
1426
974
1534
260
1299
779
289
479
1466
204
1739
1562
1678
283
1031
995
1280
486
776
618
1169
1215
743
1767
766
980
764
1806
1494
553
1143
993
1187
1608
1429
394
1243
925
1248
272
475
1380
